1529493768.278834
1529493984.256220
1529494199.228511
1529494334.074158
1529494550.646031
1529494765.958711
1529494980.578120
1529495195.481232
1529495410.002607
1529495624.837596
1529495839.647532
1529496055.061456
1529496269.842502
1529496485.133689
1529496700.260838
1529496914.878034
1529497129.951034
1529497344.304725
1529497558.682010
1529497773.706091
1529497988.690384
1529498203.823190
1529498418.349973
1529498633.434169
1529498847.817080
1529499061.990780
1529499276.892131
1529499491.529870
1529499706.999239
1529499921.677952
1529500135.979823
1529500350.437830
1529500564.716401
