1529538955.099691
1529539171.001452
1529539387.077445
1529539603.118868
1529539818.823116
1529540034.109432
1529540250.152384
1529540465.995484
1529540681.614804
1529540897.487461
1529541113.352707
1529541328.872379
1529541544.347079
1529541760.358327
1529541976.432283
1529542192.095449
1529542407.658155
1529542622.999013
1529542838.569571
1529543054.218092
1529543269.997742
1529543486.175278
1529543701.813739
1529543917.167701
1529544132.386234
1529544347.591213
1529544563.165021
1529544778.378022
1529544993.574128
1529545208.796677