1530011161.528424
1530011767.069323
1530012372.740590
1530012978.128882
1530013583.865293
1530014189.377587
1530014795.063797
1530016547.596395
1530017153.017783
1530017758.214057
1530018362.928589
1530018968.525272
1530019573.718847
1530020179.261694
1530020784.894524
1530021958.294585
1530022564.497008
1530023171.347511
1530023777.047428
1530024382.734601
1530024988.093052
1530025593.875824
1530026200.782126
1530026808.164980
1530027413.489067
1530028018.781138
1530028624.382006
1530029230.173743
1530029835.725085
1530030441.434627
