1529545424.798693
1529545640.635650
1529545857.517129
1529546073.000405
1529546288.625500
1529546505.514275
1529546721.462216
1529546936.977628
1529547152.664882
1529547367.948298
1529547583.046413
1529547798.799264
1529548013.483536
1529548229.171233
1529548444.814510
1529548660.176695
1529548875.778484
1529549092.039067
1529549307.785785
1529549523.753633
1529549739.486262
1529549955.045701
1529550170.511133
1529550386.042657
1529550601.554633
1529550817.484456
1529551033.271451
1529551249.222101
1529551464.906395
1529551680.588796