1529991109.151277
1529991505.513290
1529991900.981313
1529992296.850374
1529992693.088665
1529993088.477570
1529993484.225936
1529993879.631719
1529994275.064020
1529994670.789121
1529995066.292324
1529995461.614973
1529995857.243159
1529996253.040988
1529996648.345574
1530000592.742816
1530000988.803315
1530001384.678568
1530001780.624168
1530002176.126962
1530002571.945681
1530002967.878212
1530003364.285756
1530003760.215975
1530004155.718698
1530004551.171510
1530004946.883435
1530005342.432683
1530005738.101288

