1529919310.259961
1529919525.055024
1529919739.745991
1529919955.228522
1529920169.857108
1529920384.198289
1529920598.341820
1529920812.869647
1529921027.393493
1529921241.736779
1529921456.005561
1529921670.396157
1529921884.664888
1529922099.049643
1529922312.937551
1529922527.115818
1529922741.459247
1529922956.074475
1529923170.483725
1529923384.794478
1529923598.912966
1529923813.445278
1529924027.581228
1529924242.213075
1529924478.579572
1529924694.066005
1529924908.713219
1529925123.095713
1529925337.466223
1529925551.781073

1529939603.679870
