1529331845.229565
1529332050.594816
1529332258.302848
1529332465.240011
1529332672.387862
1529334560.009859
1529334652.614443
1529334859.477342
1529342911.832119
1529343121.533599
1529343331.284169
1529343538.151353
1529343746.329917
1529343953.044964
1529344159.506350
1529344366.139182
1529344573.020943
1529344779.855203
1529344985.971852
1529345192.736240
1529345399.282173
1529345607.722748
1529345815.133162
1529346021.887292
1529346228.769232
1529346435.216730
1529346641.964729
1529346848.558658
1529347054.975149
1529347262.743502
1529347469.747444
1529347676.722141
1529347883.125900
1529348089.958090
