1529428913.238378
1529429122.242548
1529429330.043539
1529429539.452690
1529429747.607476
1529429955.414049
1529430166.627007
1529430376.231920
1529430585.282144
1529430793.465957
1529431000.786737
1529431209.175240
1529431416.904449
1529431625.275781
1529431833.264344
1529432040.955045
1529432250.139110
1529432458.629880
1529432666.581070
1529432875.940545
1529433085.275946
1529433293.428649
1529433502.194731
1529433709.950057
1529433918.946128
1529434127.227689
1529434335.847693
1529434545.072230
1529434753.507652
1529434961.397757
