1529604127.106724
1529604342.670111
1529604557.197532
1529604771.621211
1529604986.075002
1529605200.920715
1529605415.341765
1529605629.904395
1529605845.050880
1529606059.584158
1529606274.116820
1529606489.412309
1529606704.119268
1529606918.908449
1529607134.358703
1529607348.985834
1529607563.766483
1529607777.975843
1529607992.519591
1529608206.836169
1529608421.473146
1529608636.195727
1529608850.511176
1529609065.044711
1529609279.553120
1529609494.590303
1529609709.548775
1529609924.268637
1529610139.123852
1529610353.808877
