1529868097.448453
1529868312.912571
1529868528.448883
1529868743.284562
1529868957.953935
1529869172.018859
1529869386.330666
1529869600.418081
1529869814.743088
1529870028.816927
1529870243.038182
1529870458.770755
1529870673.077064
1529870887.490971
1529871102.409970
1529871316.461630
1529871530.745580
1529871745.635748
1529871960.577639
1529872174.921450
1529872389.593625
1529872603.754257
1529872817.891085
1529873032.605942
1529873247.427040
1529873462.009886
1529873676.618329
1529873890.981730
1529874106.701911
1529874321.141520
