1529877051.576584
1529877266.954725
1529877482.112448
1529877697.017167
1529877911.746740
1529878126.922183
1529878341.906883
1529878552.302222
1529878767.195247
1529878981.616913
1529879196.572777
1529879411.729885
1529879626.647495
1529879841.500152
1529880055.922613
1529880270.749140
1529880485.482475
1529880700.108903
1529880914.671693
1529881129.560226
1529881344.578338
1529881559.755029
1529881774.626808
1529881990.184515
1529882204.831011
1529882419.812013
1529882634.764930
1529882849.762024
1529883064.647090
1529883279.595642
