1529538955.099691
1529539171.001452
1529539387.077445
1529539603.118868
1529539818.823116
1529540034.109432
1529540250.152384
1529540465.995484
1529540681.614804
1529540897.487461
1529541113.352707
1529541328.872379
1529541544.347079
1529541760.358327
1529541976.432283
1529542192.095449
1529542407.658155
1529542622.999013
1529542838.569571
1529543054.218092
1529543269.997742
1529543486.175278
1529543701.813739
1529543917.167701
1529544132.386234
1529544347.591213
1529544563.165021
1529544778.378022
1529544993.574128
1529545208.796677
1529545424.798693
1529545640.635650
1529545857.517129
1529546073.000405
1529546288.625500
1529546505.514275
1529546721.462216
1529546936.977628
1529547152.664882
1529547367.948298
1529547583.046413
1529547798.799264
1529548013.483536
1529548229.171233
1529548444.814510
1529548660.176695
1529548875.778484
1529549092.039067
1529549307.785785
1529549523.753633
1529549739.486262
1529549955.045701
1529550170.511133
1529550386.042657
1529550601.554633
1529550817.484456
1529551033.271451
1529551249.222101
1529551464.906395
1529551680.588796
1529551896.781845
1529552112.657734
1529552328.286358
1529552543.978311
1529552759.680576
1529552975.641142
1529553191.533673
1529553407.599650
1529553623.387808
1529553838.709000
1529554054.728278
1529554270.013621
1529554485.566593
1529554701.529303
1529554917.482895
1529555133.754377
1529555349.605700
1529555565.743756
1529555781.585813
1529555997.350688
1529556213.415127
1529556430.105217
1529556646.182490
1529556861.712842
1529557077.753209
1529557294.147190
1529557510.584368
1529557726.809261
1529557942.673397
1529558158.000030
