1529932153.537385
1529932368.996046
1529932583.813921
1529932797.689842
1529933011.877199
1529933226.579857
1529933441.179283
1529933656.100393
1529933870.803922
1529934085.270466
1529934300.020091
1529934514.669171
1529934729.002939
1529934943.966060
1529935158.851827
1529935372.394023
1529935587.137858
1529935802.081295
1529936016.449515
1529936231.367283
1529936445.942892
1529936660.827491
1529936875.743066
1529937090.688196
1529937305.976257
1529937521.169935
1529937736.070197
1529937950.252720
1529938165.056861
1529938379.524610