1529753645.924028
1529753866.800810
1529754087.680397
1529754308.230022
1529754529.837168
1529754750.673235
1529754970.721834
1529755633.077153
1529755853.472674
1529758779.787838
1529759002.207961
1529759222.529512
1529759443.238877
1529759664.053151
1529759884.735304
1529760105.608972
1529760326.227800
1529760546.780796
1529760768.005685
1529760988.854419
1529761208.845267
1529761429.430590
1529761650.229156
1529761871.061798
1529762091.851827
1529762312.292564
1529762533.437868
1529762753.773480
1529765199.866158
1529765282.926039
1529765503.679468
1529765723.970634
1529765944.336123
1529766165.292494
1529766386.821482
1529766607.512653
1529766827.717663
1529767048.331824
1529767269.784916
