1530146739.960285
1530147336.967165
1530147932.318406
1530148528.288295
1530149123.758687
1530149720.102535
1530150316.592831
1530150911.798174
1530151583.685535
1530152179.167608
1530152776.020704
1530153371.783426
1530153967.750450
1530176073.882233
1530176670.540588
1530177266.839678
1530177862.817620
1530178458.882318
1530185001.886819
1530186194.915848
1530186791.517567
1530187387.557833
1530187983.082004
1530188578.952346
1530189174.456691
1530189770.293202
1530190366.398506
1530190961.950350
1530191557.942820
1530192154.019816


