1529716265.524465
1529716480.007031
1529716695.458120
1529716910.184354
1529717125.170255
1529717339.512074
1529717553.566263
1529717768.183338
1529717982.436727
1529718197.118480
1529718411.633386
1529718626.566725
1529718840.898528
1529719055.414324
1529719270.197732
1529719485.431125
1529719699.931997
1529719913.855308
1529720128.441253
1529720343.270369
1529720557.471542
1529720771.940446
1529720986.102419
1529721200.433183
1529721414.439014
1529721628.646179
1529721843.554252
1529722057.862791
1529722272.513748
1529722487.210476