1529962643.633600
1529962859.571920
1529963074.464234
1529963289.023383
1529963503.405263
1529963718.139691
1529963933.472148
1529964147.927132
1529964362.370211
1529964577.492936
1529964792.057060
1529965006.670684
1529965221.008196
1529965435.246138
1529965650.118376
1529965865.312473
1529966079.910224
1529966294.266159
1529966509.046800
1529966723.543733
1529966937.838070
1529967152.692199
1529967367.087033
1529967581.555192
1529967795.910692
1529968010.796731
1529968225.612152
1529968440.520969
1529968655.015142
1529968869.576794
