1529795346.737924
1529795562.536740
1529795778.306631
1529795994.215546
1529796210.094922
1529796426.114426
1529796642.048526
1529796857.781247
1529797073.990711
1529797289.829305
1529797505.400945
1529797721.322892
1529797937.073020
1529798153.012609
1529798368.345390
1529798583.807181
1529798799.926234
1529799015.639444
1529799231.336305
1529799447.338842
1529799663.407641
1529799879.226510
1529800095.178498
1529800310.636578
1529800526.304994
1529800742.682997
1529800958.465012
1529801174.226502
1529801389.873060
1529801605.447855
