1529803548.597743
1529803764.917278
1529803981.247159
1529804196.504273
1529804412.078039
1529804627.673661
1529804843.177205
1529805058.789051
1529805274.106990
1529805489.545556
1529805706.105174
1529805921.637640
1529806137.476924
1529806352.840169
1529806568.648634
1529806783.893758
1529806999.085537
1529807215.007761
1529807430.751442
1529807646.556531
1529807862.188424
1529808078.208625
1529808294.386192
1529808510.145451
1529808726.030759
1529808941.909039
1529809157.818536
1529809373.976450
1529809589.668047
1529809805.579477