1530121244.443354
1530121542.073288
1530121838.368159
1530122134.464326
1530122430.896837
1530122727.074489
1530123023.327346
1530123319.310364
1530123619.965127
1530123917.902811
1530124213.538280
1530124510.142762
1530124806.070060
1530125102.676163
1530125398.660220
1530125694.788215
1530125991.360584
1530126287.698779
1530126583.895265
1530126879.546099
1530127175.783250
1530127472.580690
1530127768.953072
1530128065.749656
1530128362.432930
1530128658.073785
1530128954.306810
1530129250.575047
1530129546.318164
1530129842.216055