1529774485.314745
1529774690.310769
1529774895.472674
1529775100.046349
1529775304.376961
1529775508.841489
1529775713.995002
1529775918.910874
1529776123.787627
1529776328.445685
1529776533.459723
1529776738.200782
1529776942.949538
1529777147.664544
1529777352.656063
1529777557.696574
1529777762.144380
1529777967.324724
1529778171.979835
1529778376.488724
1529778581.041410
1529778785.743157
1529778990.496794
1529779195.030085
1529779400.034262
1529779604.899213
1529779809.550952
1529780014.723995
1529780219.718424
1529780424.919468


