1529855133.629396
1529855348.863153
1529855563.998147
1529855779.110509
1529855994.249196
1529856209.634973
1529856425.008343
1529856640.645591
1529856856.389728
1529857071.732335
1529857287.368838
1529857502.346280
1529857717.675274
1529857933.058314
1529858148.659303
1529858364.740194
1529858580.064556
1529858795.635875
1529859011.303083
1529859226.370593
1529859441.806351
1529859657.259633
1529859872.545316
1529860087.927613
1529860303.868417
1529860519.301605
1529860734.591893
1529860949.768479
1529861164.959865
1529861380.623630
