1529519675.100693
1529519890.699839
1529520105.457974
1529520320.116141
1529520535.465401
1529520750.302950
1529520965.657358
1529521180.971415
1529521396.535611
1529521611.301253
1529521827.018712
1529522042.272290
1529522257.461586
1529522472.648497
1529522687.782629
1529522902.738583
1529523117.455923
1529523331.901359
1529523547.656484
1529523763.499426
1529523978.854714
1529524193.857275
1529524408.869600
1529524624.250155
1529524839.423430
1529525054.799998
1529525270.051369
1529525485.231076
1529525701.147193
1529525917.184312