1530121244.443354
1530121542.073288
1530121838.368159
1530122134.464326
1530122430.896837
1530122727.074489
1530123023.327346
1530123319.310364
1530123619.965127
1530123917.902811
1530124213.538280
1530124510.142762
1530124806.070060
1530125102.676163
1530125398.660220
1530125694.788215
1530125991.360584
1530126287.698779
1530126583.895265
1530126879.546099
1530127175.783250
1530127472.580690
1530127768.953072
1530128065.749656
1530128362.432930
1530128658.073785
1530128954.306810
1530129250.575047
1530129546.318164
1530129842.2160551530358601.312005
1530358897.532119
1530359193.187686
1530359488.782841
1530359783.979898
1530360079.622635
1530360375.459675
1530360671.292315
1530360966.626074
1530361262.364657
1530361557.842337
1530361853.522678
1530362148.716952
1530362444.047740
1530362739.784120
1530363035.358415
1530363331.314124
1530363626.676313
1530363922.027543
1530364218.053386
1530364513.955899
1530364809.497295
1530365104.956267
1530365400.861920
1530365696.421012
1530365991.831936
1530366287.340981
1530366583.437526
