1529847647.436161
1529847862.991141
1529848078.056560
1529848293.667609
1529848508.972175
1529848723.935102
1529848939.259656
1529849154.994418
1529849371.409123
1529849586.988815
1529849802.243922
1529850017.703102
1529850232.636826
1529850448.135880
1529850663.614700
1529850879.185978
1529851095.234376
1529851310.351354
1529851525.601277
1529851740.873882
1529851956.197539
1529852171.394475
1529852386.739926
1529852602.027431
1529852817.079611
1529853032.501230
1529853247.661700
1529853463.214363
1529853678.595298
1529853893.881196
