1530037022.364915
1530037319.718301
1530037615.741225
1530037911.544645
1530038206.955432
1530038502.468598
1530038798.574769
1530039094.113912
1530039389.702398
1530039685.134728
1530039980.271698
1530040275.598236
1530040571.139077
1530041314.388168
1530041610.180050
1530041905.828364
1530042201.728656
1530042498.646031
1530042794.138890
1530043089.385232
1530043385.029178
1530043680.921564
1530043976.872755
1530044272.874354
1530044568.591342
1530044863.935564
1530045160.086285
1530045455.996288
1530045751.460672
1530046047.250098