1529830488.809910
1529830725.435940
1529830940.831044
1529831155.797987
1529831370.303987
1529831584.974195
1529831800.192847
1529832015.289910
1529832230.290220
1529832445.161931
1529832659.850191
1529832874.661269
1529833089.443634
1529833304.049256
1529833518.909291
1529833733.624545
1529833948.168558
1529834163.256063
1529834377.717745
1529834592.626586
1529834807.015293
1529835021.704805
1529835236.552335
1529835451.555211
1529835666.405434
1529835881.448306
1529836096.737509
1529836311.847625
1529836526.508521
1529836741.353385
1529836955.992160
