1529780629.454491
1529780834.262654
1529781038.742877
1529781243.434171
1529781448.257158
1529781652.914298
1529781857.708875
1529782062.781921
1529782267.878440
1529782472.684789
1529782677.401751
1529782881.824925
1529783086.654989
1529783291.411176
1529783496.091639
1529783701.629333
1529783906.340490
1529784111.108975
1529784315.909382
1529784520.809622
1529784725.577467
1529784930.500639
1529785135.104215
1529785339.716766
1529785544.370056
1529785749.100371
1529785954.584415
1529786159.613850
1529786364.377727
1529786569.367738