1529722701.561708
1529722916.025133
1529723130.530071
1529723345.562309
1529723560.444091
1529723775.183181
1529723989.691979
1529724204.044455
1529724418.568665
1529724633.537609
1529724848.244882
1529725063.377277
1529725277.676672
1529725492.529327
1529725706.812464
1529725921.070758
1529726136.403853
1529726351.040887
1529726566.212070
1529726780.719775
1529726995.601440
1529727210.589539
1529727425.351474
1529727640.607209
1529727854.875400
1529728069.496547
1529728284.866067
1529728500.151072
1529728714.862474
1529728929.355153