1529709823.443913
1529710038.351209
1529710253.411353
1529710467.876741
1529710682.613987
1529710897.266372
1529711112.279809
1529711326.615195
1529711541.233370
1529711756.399633
1529711971.324177
1529712186.451026
1529712401.372511
1529712615.600163
1529712829.902030
1529713044.825286
1529713259.416188
1529713473.724856
1529713688.481378
1529713903.290759
1529714118.199054
1529714333.434102
1529714547.932222
1529714762.270011
1529714977.348583
1529715192.109979
1529715406.465273
1529715621.142015
1529715835.723602
1529716050.302558


