1529745486.101811
1529745707.040188
1529745927.461389
1529746148.016596
1529746368.349940
1529746589.163314
1529746810.222027
1529747030.737794
1529747251.756777
1529747472.335831
1529748156.443499
1529748377.240893
1529748597.649770
1529748818.156713
1529749038.446413
1529749258.638313
1529749479.423647
1529749700.142058
1529749921.192918
1529750142.353472
1529750362.448722
1529750583.233902
1529750803.460362
1529751024.240916
1529751245.181400
1529751466.083536
1529751686.454075
1529751906.792271
1529752127.487116
1529752347.625640
