1530230728.556433
1530231325.771557
1530231921.866197
1530232517.555132
1530233113.459502
1530258650.359899
1530259245.835161
1530259841.286813
1530260436.266220
1530261031.311577
1530261626.503235
1530262221.403466
1530262816.580626
1530263411.647862
1530264006.826449
1530264601.892082
1530265196.756055
1530265791.589326
1530266386.564006
1530266981.658615
1530267576.599017
1530268171.511908
1530268766.531602
1530269362.252205
1530269958.139432
1530270553.576100
1530271149.118805
1530271744.613204
1530272339.653294
1530272934.849529