1529786773.785433
1529786978.581991
1529787183.363149
1529787387.829750
1529787592.721505
1529787797.491756
1529788002.424916
1529788207.273808
1529788412.026486
1529788616.725047
1529788821.241449
1529789025.951334
1529789230.702427
1529789436.010040
1529789640.871312
1529789845.374369
1529790049.801245
1529790254.417124
1529790459.493078
1529790664.343842
1529790869.112035
1529791073.671056
1529791278.778357
1529791483.682043
1529791688.350937
1529791893.424746
1529792098.660397
1529792303.033605
1529792507.208194
1529792712.007504