1529692017.689824
1529692278.437689
1529692538.956634
1529692799.462120
1529693060.168220
1529693320.602563
1529693581.087561
1529693841.775088
1529694102.681737
1529694363.086379
1529694623.651135
1529694884.070204
1529695144.786155
1529695405.454710
1529695665.822578
1529698973.574416
1529699234.624330
1529699494.621131
1529699754.969885
1529700015.410152
1529700275.958131
1529700536.330089
1529700796.798399
1529701057.127167
1529701317.800565
1529701578.372121
1529701838.701352
1529702099.211455
1529702359.887741
1529702620.486539
