1529513221.216149
1529513439.168324
1529513654.891487
1529513870.610378
1529514085.482668
1529514301.133494
1529514516.752739
1529514731.595467
1529514946.943054
1529515162.647555
1529515377.284292
1529515592.093483
1529515806.769269
1529516021.278569
1529516236.566044
1529516452.333223
1529516667.195754
1529516881.714179
1529517096.207323
1529517311.553100
1529517526.207121
1529517741.159853
1529517956.345598
1529518171.007547
1529518385.950950
1529518600.858832
1529518815.443481
1529519030.315097
1529519244.735493
