1529906543.640839
1529906757.994863
1529906972.421471
1529907186.551402
1529907400.953698
1529907614.951486
1529907829.241433
1529908043.673430
1529908257.884591
1529908471.801594
1529908686.191176
1529908900.699135
1529909114.984023
1529909329.354712
1529909543.753605
1529909758.532183
1529909973.133133
1529910187.819191
1529910402.323299
1529910616.848868
1529910830.806260
1529911045.189534
1529911259.760891
1529911473.740278
1529911688.210274
1529911902.663117
1529912116.627771
1529912330.778925
1529912544.777356
1529912759.375547
