1528566828.135696
1528566898.299583
1528566969.142340
1528638251.833969
1528638321.910169
1528638393.311749
1528638469.756459
1528638552.624488
1528638610.902739
1528638688.955678
1528638766.578642
1529774485.314745
1529774690.310769
1529774895.472674
1529775100.046349
1529775304.376961
1529775508.841489
1529775713.995002
1529775918.910874
1529776123.787627
1529776328.445685
1529776533.459723
1529776738.200782
1529776942.949538
1529777147.664544
1529777352.656063
1529777557.696574
1529777762.144380
1529777967.324724
1529778171.979835
1529778376.488724
1529778581.041410
1529778785.743157
1529778990.496794
1529779195.030085
1529779400.034262
1529779604.899213
1529779809.550952
1529780014.723995
1529780219.718424
1529780424.919468
1529780629.454491
1529780834.262654
1529781038.742877
1529781243.434171
1529781448.257158
1529781652.914298
1529781857.708875
1529782062.781921
1529782267.878440
1529782472.684789
1529782677.401751
1529782881.824925
1529783086.654989
1529783291.411176
1529783496.091639
1529783701.629333
1529783906.340490
1529784111.108975
1529784315.909382
1529784520.809622
1529784725.577467
1529784930.500639
1529785135.104215
1529785339.716766
1529785544.370056
1529785749.100371
1529785954.584415
1529786159.613850
1529786364.377727
1529786569.367738
1529786773.785433
1529786978.581991
1529787183.363149
1529787387.829750
1529787592.721505
1529787797.491756
1529788002.424916
1529788207.273808
1529788412.026486
1529788616.725047
1529788821.241449
1529789025.951334
1529789230.702427
1529789436.010040
1529789640.871312
1529789845.374369
1529790049.801245
1529790254.417124
1529790459.493078
1529790664.343842
1529790869.112035
1529791073.671056
1529791278.778357
1529791483.682043
1529791688.350937
1529791893.424746
1529792098.660397
1529792303.033605
1529792507.208194
1529792712.007504
