1529654648.627960
1529654907.386425
1529655168.717387
1529655429.397583
1529655690.187028
1529655951.597202
1529658305.829876
1529658566.842303
1529658827.322920
1529659087.646830
1529659347.877953
1529659608.344160
1529659869.105072
1529660129.534391
1529660390.369278
1529660650.567089
1529660910.886988
1529661171.096152
1529662267.060402
1529662527.636755
1529662788.488945
1529663048.696559
1529663308.811952
1529663569.696170
1529663829.822394
1529664090.469303
1529664350.707269
1529664610.982258
1529664871.225416
1529665131.274963