1529666245.389276
1529666505.591359
1529666765.835557
1529667026.103951
1529667286.745945
1529667546.963728
1529667807.415140
1529668067.806587
1529669211.044997
1529669470.808458
1529669731.638848
1529669992.370947
1529670253.199038
1529670513.583593
1529670774.043798
1529671034.563103
1529671295.103320
1529671555.170335
1529671815.717724
1529672076.435282
1529672336.803616
1529672597.364296
1529672857.670835
1529673118.397188
1529673379.117178
1529673639.440205
1529673900.064473
1529674160.709960
1529674420.606583
1529674681.340891
